 Year,  Tanom
   200 ,-0.261
   201 ,-0.292
   202 ,-0.312
   203 ,-0.317
   204 ,-0.304
   205 ,-0.279
   206 ,-0.249
   207 ,-0.225
   208 ,-0.213
   209 ,-0.214
   210 ,-0.228
   211 ,-0.245
   212 ,-0.258
   213 ,-0.260
   214 ,-0.248
   215 ,-0.225
   216 ,-0.197
   217 ,-0.173
   218 ,-0.161
   219 ,-0.165
   220 ,-0.184
   221 ,-0.210
   222 ,-0.236
   223 ,-0.252
   224 ,-0.252
   225 ,-0.235
   226 ,-0.206
   227 ,-0.173
   228 ,-0.147
   229 ,-0.133
   230 ,-0.137
   231 ,-0.156
   232 ,-0.186
   233 ,-0.219
   234 ,-0.248
   235 ,-0.269
   236 ,-0.281
   237 ,-0.284
   238 ,-0.284
   239 ,-0.281
   240 ,-0.277
   241 ,-0.269
   242 ,-0.254
   243 ,-0.230
   244 ,-0.197
   245 ,-0.156
   246 ,-0.114
   247 ,-0.081
   248 ,-0.063
   249 ,-0.064
   250 ,-0.085
   251 ,-0.120
   252 ,-0.160
   253 ,-0.195
   254 ,-0.216
   255 ,-0.222
   256 ,-0.212
   257 ,-0.194
   258 ,-0.175
   259 ,-0.163
   260 ,-0.163
   261 ,-0.175
   262 ,-0.196
   263 ,-0.218
   264 ,-0.234
   265 ,-0.240
   266 ,-0.233
   267 ,-0.217
   268 ,-0.196
   269 ,-0.178
   270 ,-0.169
   271 ,-0.172
   272 ,-0.187
   273 ,-0.212
   274 ,-0.240
   275 ,-0.266
   276 ,-0.286
   277 ,-0.296
   278 ,-0.297
   279 ,-0.289
   280 ,-0.274
   281 ,-0.256
   282 ,-0.237
   283 ,-0.220
   284 ,-0.206
   285 ,-0.197
   286 ,-0.195
   287 ,-0.201
   288 ,-0.213
   289 ,-0.231
   290 ,-0.251
   291 ,-0.268
   292 ,-0.279
   293 ,-0.280
   294 ,-0.270
   295 ,-0.250
   296 ,-0.224
   297 ,-0.196
   298 ,-0.172
   299 ,-0.156
   300 ,-0.152
   301 ,-0.161
   302 ,-0.182
   303 ,-0.214
   304 ,-0.253
   305 ,-0.293
   306 ,-0.331
   307 ,-0.361
   308 ,-0.378
   309 ,-0.379
   310 ,-0.362
   311 ,-0.328
   312 ,-0.280
   313 ,-0.224
   314 ,-0.168
   315 ,-0.119
   316 ,-0.085
   317 ,-0.068
   318 ,-0.071
   319 ,-0.091
   320 ,-0.124
   321 ,-0.161
   322 ,-0.195
   323 ,-0.222
   324 ,-0.236
   325 ,-0.236
   326 ,-0.226
   327 ,-0.208
   328 ,-0.188
   329 ,-0.171
   330 ,-0.162
   331 ,-0.162
   332 ,-0.171
   333 ,-0.188
   334 ,-0.208
   335 ,-0.228
   336 ,-0.241
   337 ,-0.246
   338 ,-0.242
   339 ,-0.231
   340 ,-0.220
   341 ,-0.212
   342 ,-0.215
   343 ,-0.230
   344 ,-0.256
   345 ,-0.290
   346 ,-0.322
   347 ,-0.344
   348 ,-0.347
   349 ,-0.327
   350 ,-0.284
   351 ,-0.227
   352 ,-0.164
   353 ,-0.110
   354 ,-0.075
   355 ,-0.066
   356 ,-0.084
   357 ,-0.124
   358 ,-0.175
   359 ,-0.227
   360 ,-0.267
   361 ,-0.291
   362 ,-0.296
   363 ,-0.287
   364 ,-0.270
   365 ,-0.254
   366 ,-0.246
   367 ,-0.247
   368 ,-0.259
   369 ,-0.275
   370 ,-0.291
   371 ,-0.302
   372 ,-0.304
   373 ,-0.297
   374 ,-0.284
   375 ,-0.270
   376 ,-0.258
   377 ,-0.250
   378 ,-0.246
   379 ,-0.245
   380 ,-0.243
   381 ,-0.238
   382 ,-0.227
   383 ,-0.212
   384 ,-0.195
   385 ,-0.178
   386 ,-0.165
   387 ,-0.156
   388 ,-0.150
   389 ,-0.145
   390 ,-0.138
   391 ,-0.128
   392 ,-0.116
   393 ,-0.105
   394 ,-0.100
   395 ,-0.106
   396 ,-0.125
   397 ,-0.158
   398 ,-0.202
   399 ,-0.252
   400 ,-0.301
   401 ,-0.342
   402 ,-0.371
   403 ,-0.385
   404 ,-0.385
   405 ,-0.372
   406 ,-0.350
   407 ,-0.323
   408 ,-0.295
   409 ,-0.268
   410 ,-0.245
   411 ,-0.228
   412 ,-0.221
   413 ,-0.222
   414 ,-0.231
   415 ,-0.246
   416 ,-0.262
   417 ,-0.276
   418 ,-0.283
   419 ,-0.282
   420 ,-0.274
   421 ,-0.261
   422 ,-0.246
   423 ,-0.232
   424 ,-0.221
   425 ,-0.213
   426 ,-0.206
   427 ,-0.197
   428 ,-0.185
   429 ,-0.170
   430 ,-0.154
   431 ,-0.142
   432 ,-0.137
   433 ,-0.143
   434 ,-0.159
   435 ,-0.183
   436 ,-0.209
   437 ,-0.231
   438 ,-0.242
   439 ,-0.242
   440 ,-0.231
   441 ,-0.216
   442 ,-0.204
   443 ,-0.200
   444 ,-0.208
   445 ,-0.229
   446 ,-0.258
   447 ,-0.289
   448 ,-0.315
   449 ,-0.332
   450 ,-0.336
   451 ,-0.329
   452 ,-0.313
   453 ,-0.292
   454 ,-0.268
   455 ,-0.244
   456 ,-0.221
   457 ,-0.198
   458 ,-0.178
   459 ,-0.162
   460 ,-0.155
   461 ,-0.159
   462 ,-0.177
   463 ,-0.207
   464 ,-0.247
   465 ,-0.288
   466 ,-0.323
   467 ,-0.344
   468 ,-0.347
   469 ,-0.329
   470 ,-0.297
   471 ,-0.258
   472 ,-0.222
   473 ,-0.197
   474 ,-0.189
   475 ,-0.198
   476 ,-0.218
   477 ,-0.242
   478 ,-0.261
   479 ,-0.269
   480 ,-0.263
   481 ,-0.245
   482 ,-0.222
   483 ,-0.201
   484 ,-0.189
   485 ,-0.191
   486 ,-0.208
   487 ,-0.236
   488 ,-0.269
   489 ,-0.298
   490 ,-0.317
   491 ,-0.321
   492 ,-0.309
   493 ,-0.283
   494 ,-0.248
   495 ,-0.210
   496 ,-0.176
   497 ,-0.149
   498 ,-0.134
   499 ,-0.131
   500 ,-0.138
   501 ,-0.153
   502 ,-0.168
   503 ,-0.181
   504 ,-0.186
   505 ,-0.183
   506 ,-0.171
   507 ,-0.155
   508 ,-0.139
   509 ,-0.129
   510 ,-0.129
   511 ,-0.137
   512 ,-0.153
   513 ,-0.172
   514 ,-0.187
   515 ,-0.193
   516 ,-0.188
   517 ,-0.174
   518 ,-0.153
   519 ,-0.133
   520 ,-0.121
   521 ,-0.121
   522 ,-0.135
   523 ,-0.161
   524 ,-0.194
   525 ,-0.226
   526 ,-0.251
   527 ,-0.262
   528 ,-0.258
   529 ,-0.239
   530 ,-0.209
   531 ,-0.175
   532 ,-0.146
   533 ,-0.126
   534 ,-0.122
   535 ,-0.134
   536 ,-0.160
   537 ,-0.194
   538 ,-0.228
   539 ,-0.254
   540 ,-0.266
   541 ,-0.260
   542 ,-0.238
   543 ,-0.205
   544 ,-0.172
   545 ,-0.149
   546 ,-0.143
   547 ,-0.159
   548 ,-0.194
   549 ,-0.240
   550 ,-0.286
   551 ,-0.320
   552 ,-0.334
   553 ,-0.322
   554 ,-0.290
   555 ,-0.246
   556 ,-0.200
   557 ,-0.166
   558 ,-0.150
   559 ,-0.154
   560 ,-0.174
   561 ,-0.203
   562 ,-0.233
   563 ,-0.257
   564 ,-0.272
   565 ,-0.279
   566 ,-0.280
   567 ,-0.280
   568 ,-0.281
   569 ,-0.283
   570 ,-0.283
   571 ,-0.279
   572 ,-0.267
   573 ,-0.249
   574 ,-0.225
   575 ,-0.201
   576 ,-0.182
   577 ,-0.168
   578 ,-0.162
   579 ,-0.159
   580 ,-0.157
   581 ,-0.151
   582 ,-0.141
   583 ,-0.127
   584 ,-0.114
   585 ,-0.107
   586 ,-0.110
   587 ,-0.126
   588 ,-0.151
   589 ,-0.181
   590 ,-0.207
   591 ,-0.223
   592 ,-0.225
   593 ,-0.213
   594 ,-0.190
   595 ,-0.163
   596 ,-0.139
   597 ,-0.125
   598 ,-0.122
   599 ,-0.131
   600 ,-0.151
   601 ,-0.176
   602 ,-0.203
   603 ,-0.230
   604 ,-0.253
   605 ,-0.270
   606 ,-0.281
   607 ,-0.282
   608 ,-0.273
   609 ,-0.251
   610 ,-0.218
   611 ,-0.177
   612 ,-0.134
   613 ,-0.096
   614 ,-0.069
   615 ,-0.060
   616 ,-0.069
   617 ,-0.094
   618 ,-0.129
   619 ,-0.167
   620 ,-0.202
   621 ,-0.228
   622 ,-0.243
   623 ,-0.249
   624 ,-0.247
   625 ,-0.242
   626 ,-0.236
   627 ,-0.229
   628 ,-0.221
   629 ,-0.212
   630 ,-0.201
   631 ,-0.191
   632 ,-0.185
   633 ,-0.185
   634 ,-0.196
   635 ,-0.216
   636 ,-0.244
   637 ,-0.275
   638 ,-0.302
   639 ,-0.319
   640 ,-0.323
   641 ,-0.314
   642 ,-0.294
   643 ,-0.270
   644 ,-0.248
   645 ,-0.232
   646 ,-0.225
   647 ,-0.225
   648 ,-0.229
   649 ,-0.231
   650 ,-0.229
   651 ,-0.219
   652 ,-0.203
   653 ,-0.183
   654 ,-0.165
   655 ,-0.153
   656 ,-0.152
   657 ,-0.165
   658 ,-0.191
   659 ,-0.227
   660 ,-0.265
   661 ,-0.298
   662 ,-0.317
   663 ,-0.315
   664 ,-0.287
   665 ,-0.237
   666 ,-0.168
   667 ,-0.091
   668 ,-0.019
   669  ,0.040
   670  ,0.076
   671  ,0.088
   672  ,0.079
   673  ,0.055
   674  ,0.024
   675 ,-0.006
   676 ,-0.030
   677 ,-0.049
   678 ,-0.066
   679 ,-0.084
   680 ,-0.106
   681 ,-0.133
   682 ,-0.162
   683 ,-0.185
   684 ,-0.197
   685 ,-0.194
   686 ,-0.174
   687 ,-0.143
   688 ,-0.109
   689 ,-0.084
   690 ,-0.076
   691 ,-0.089
   692 ,-0.124
   693 ,-0.173
   694 ,-0.228
   695 ,-0.277
   696 ,-0.313
   697 ,-0.332
   698 ,-0.333
   699 ,-0.321
   700 ,-0.302
   701 ,-0.282
   702 ,-0.266
   703 ,-0.255
   704 ,-0.249
   705 ,-0.245
   706 ,-0.239
   707 ,-0.228
   708 ,-0.209
   709 ,-0.184
   710 ,-0.154
   711 ,-0.123
   712 ,-0.096
   713 ,-0.077
   714 ,-0.070
   715 ,-0.073
   716 ,-0.084
   717 ,-0.098
   718 ,-0.109
   719 ,-0.114
   720 ,-0.112
   721 ,-0.105
   722 ,-0.099
   723 ,-0.099
   724 ,-0.109
   725 ,-0.129
   726 ,-0.154
   727 ,-0.176
   728 ,-0.186
   729 ,-0.180
   730 ,-0.154
   731 ,-0.115
   732 ,-0.071
   733 ,-0.034
   734 ,-0.014
   735 ,-0.015
   736 ,-0.037
   737 ,-0.074
   738 ,-0.117
   739 ,-0.156
   740 ,-0.186
   741 ,-0.203
   742 ,-0.211
   743 ,-0.215
   744 ,-0.220
   745 ,-0.229
   746 ,-0.243
   747 ,-0.258
   748 ,-0.268
   749 ,-0.269
   750 ,-0.259
   751 ,-0.238
   752 ,-0.210
   753 ,-0.182
   754 ,-0.159
   755 ,-0.147
   756 ,-0.148
   757 ,-0.162
   758 ,-0.185
   759 ,-0.211
   760 ,-0.237
   761 ,-0.259
   762 ,-0.275
   763 ,-0.284
   764 ,-0.287
   765 ,-0.286
   766 ,-0.281
   767 ,-0.271
   768 ,-0.258
   769 ,-0.242
   770 ,-0.223
   771 ,-0.204
   772 ,-0.187
   773 ,-0.177
   774 ,-0.173
   775 ,-0.176
   776 ,-0.183
   777 ,-0.191
   778 ,-0.194
   779 ,-0.190
   780 ,-0.178
   781 ,-0.160
   782 ,-0.138
   783 ,-0.119
   784 ,-0.105
   785 ,-0.101
   786 ,-0.105
   787 ,-0.115
   788 ,-0.128
   789 ,-0.141
   790 ,-0.149
   791 ,-0.155
   792 ,-0.158
   793 ,-0.161
   794 ,-0.167
   795 ,-0.176
   796 ,-0.188
   797 ,-0.202
   798 ,-0.216
   799 ,-0.228
   800 ,-0.237
   801 ,-0.245
   802 ,-0.251
   803 ,-0.256
   804 ,-0.259
   805 ,-0.259
   806 ,-0.253
   807 ,-0.241
   808 ,-0.220
   809 ,-0.193
   810 ,-0.164
   811 ,-0.137
   812 ,-0.115
   813 ,-0.104
   814 ,-0.104
   815 ,-0.114
   816 ,-0.134
   817 ,-0.160
   818 ,-0.188
   819 ,-0.214
   820 ,-0.235
   821 ,-0.248
   822 ,-0.249
   823 ,-0.237
   824 ,-0.212
   825 ,-0.177
   826 ,-0.136
   827 ,-0.097
   828 ,-0.067
   829 ,-0.053
   830 ,-0.059
   831 ,-0.086
   832 ,-0.128
   833 ,-0.179
   834 ,-0.229
   835 ,-0.267
   836 ,-0.288
   837 ,-0.289
   838 ,-0.271
   839 ,-0.241
   840 ,-0.207
   841 ,-0.176
   842 ,-0.157
   843 ,-0.152
   844 ,-0.159
   845 ,-0.175
   846 ,-0.192
   847 ,-0.205
   848 ,-0.208
   849 ,-0.198
   850 ,-0.177
   851 ,-0.148
   852 ,-0.117
   853 ,-0.092
   854 ,-0.077
   855 ,-0.076
   856 ,-0.090
   857 ,-0.113
   858 ,-0.142
   859 ,-0.168
   860 ,-0.185
   861 ,-0.189
   862 ,-0.178
   863 ,-0.156
   864 ,-0.129
   865 ,-0.106
   866 ,-0.094
   867 ,-0.101
   868 ,-0.125
   869 ,-0.163
   870 ,-0.206
   871 ,-0.242
   872 ,-0.263
   873 ,-0.261
   874 ,-0.238
   875 ,-0.200
   876 ,-0.159
   877 ,-0.128
   878 ,-0.117
   879 ,-0.130
   880 ,-0.164
   881 ,-0.210
   882 ,-0.256
   883 ,-0.288
   884 ,-0.299
   885 ,-0.287
   886 ,-0.254
   887 ,-0.210
   888 ,-0.165
   889 ,-0.129
   890 ,-0.108
   891 ,-0.102
   892 ,-0.109
   893 ,-0.126
   894 ,-0.147
   895 ,-0.169
   896 ,-0.191
   897 ,-0.213
   898 ,-0.235
   899 ,-0.257
   900 ,-0.276
   901 ,-0.293
   902 ,-0.305
   903 ,-0.313
   904 ,-0.315
   905 ,-0.315
   906 ,-0.313
   907 ,-0.311
   908 ,-0.307
   909 ,-0.301
   910 ,-0.289
   911 ,-0.272
   912 ,-0.252
   913 ,-0.230
   914 ,-0.214
   915 ,-0.205
   916 ,-0.208
   917 ,-0.221
   918 ,-0.239
   919 ,-0.256
   920 ,-0.265
   921 ,-0.263
   922 ,-0.249
   923 ,-0.230
   924 ,-0.210
   925 ,-0.199
   926 ,-0.200
   927 ,-0.212
   928 ,-0.230
   929 ,-0.246
   930 ,-0.250
   931 ,-0.238
   932 ,-0.209
   933 ,-0.169
   934 ,-0.128
   935 ,-0.097
   936 ,-0.084
   937 ,-0.092
   938 ,-0.119
   939 ,-0.156
   940 ,-0.193
   941 ,-0.218
   942 ,-0.226
   943 ,-0.216
   944 ,-0.191
   945 ,-0.159
   946 ,-0.128
   947 ,-0.106
   948 ,-0.097
   949 ,-0.101
   950 ,-0.116
   951 ,-0.138
   952 ,-0.163
   953 ,-0.185
   954 ,-0.201
   955 ,-0.209
   956 ,-0.206
   957 ,-0.191
   958 ,-0.166
   959 ,-0.133
   960 ,-0.096
   961 ,-0.061
   962 ,-0.035
   963 ,-0.023
   964 ,-0.027
   965 ,-0.047
   966 ,-0.079
   967 ,-0.117
   968 ,-0.153
   969 ,-0.180
   970 ,-0.193
   971 ,-0.190
   972 ,-0.173
   973 ,-0.146
   974 ,-0.115
   975 ,-0.088
   976 ,-0.068
   977 ,-0.060
   978 ,-0.063
   979 ,-0.076
   980 ,-0.095
   981 ,-0.114
   982 ,-0.129
   983 ,-0.137
   984 ,-0.133
   985 ,-0.119
   986 ,-0.096
   987 ,-0.066
   988 ,-0.037
   989 ,-0.013
   990  ,0.000
   991  ,0.000
   992 ,-0.016
   993 ,-0.046
   994 ,-0.084
   995 ,-0.126
   996 ,-0.164
   997 ,-0.195
   998 ,-0.215
   999 ,-0.224
  1000 ,-0.224
  1001 ,-0.218
  1002 ,-0.209
  1003 ,-0.200
  1004 ,-0.195
  1005 ,-0.194
  1006 ,-0.198
  1007 ,-0.207
  1008 ,-0.222
  1009 ,-0.242
  1010 ,-0.267
  1011 ,-0.293
  1012 ,-0.319
  1013 ,-0.340
  1014 ,-0.351
  1015 ,-0.351
  1016 ,-0.336
  1017 ,-0.308
  1018 ,-0.270
  1019 ,-0.225
  1020 ,-0.180
  1021 ,-0.140
  1022 ,-0.108
  1023 ,-0.087
  1024 ,-0.078
  1025 ,-0.081
  1026 ,-0.093
  1027 ,-0.115
  1028 ,-0.143
  1029 ,-0.175
  1030 ,-0.207
  1031 ,-0.235
  1032 ,-0.254
  1033 ,-0.261
  1034 ,-0.254
  1035 ,-0.234
  1036 ,-0.205
  1037 ,-0.174
  1038 ,-0.148
  1039 ,-0.132
  1040 ,-0.131
  1041 ,-0.142
  1042 ,-0.162
  1043 ,-0.184
  1044 ,-0.200
  1045 ,-0.206
  1046 ,-0.200
  1047 ,-0.186
  1048 ,-0.171
  1049 ,-0.160
  1050 ,-0.162
  1051 ,-0.178
  1052 ,-0.209
  1053 ,-0.248
  1054 ,-0.289
  1055 ,-0.323
  1056 ,-0.344
  1057 ,-0.349
  1058 ,-0.338
  1059 ,-0.315
  1060 ,-0.286
  1061 ,-0.256
  1062 ,-0.230
  1063 ,-0.210
  1064 ,-0.197
  1065 ,-0.189
  1066 ,-0.185
  1067 ,-0.183
  1068 ,-0.184
  1069 ,-0.187
  1070 ,-0.193
  1071 ,-0.202
  1072 ,-0.213
  1073 ,-0.225
  1074 ,-0.232
  1075 ,-0.233
  1076 ,-0.225
  1077 ,-0.207
  1078 ,-0.181
  1079 ,-0.149
  1080 ,-0.117
  1081 ,-0.091
  1082 ,-0.075
  1083 ,-0.073
  1084 ,-0.085
  1085 ,-0.108
  1086 ,-0.138
  1087 ,-0.170
  1088 ,-0.199
  1089 ,-0.220
  1090 ,-0.233
  1091 ,-0.236
  1092 ,-0.233
  1093 ,-0.226
  1094 ,-0.219
  1095 ,-0.214
  1096 ,-0.213
  1097 ,-0.217
  1098 ,-0.226
  1099 ,-0.237
  1100 ,-0.248
  1101 ,-0.257
  1102 ,-0.261
  1103 ,-0.258
  1104 ,-0.249
  1105 ,-0.236
  1106 ,-0.221
  1107 ,-0.209
  1108 ,-0.202
  1109 ,-0.201
  1110 ,-0.207
  1111 ,-0.216
  1112 ,-0.225
  1113 ,-0.230
  1114 ,-0.227
  1115 ,-0.217
  1116 ,-0.200
  1117 ,-0.179
  1118 ,-0.160
  1119 ,-0.145
  1120 ,-0.137
  1121 ,-0.137
  1122 ,-0.143
  1123 ,-0.154
  1124 ,-0.168
  1125 ,-0.184
  1126 ,-0.201
  1127 ,-0.217
  1128 ,-0.232
  1129 ,-0.242
  1130 ,-0.248
  1131 ,-0.245
  1132 ,-0.235
  1133 ,-0.217
  1134 ,-0.195
  1135 ,-0.172
  1136 ,-0.155
  1137 ,-0.148
  1138 ,-0.154
  1139 ,-0.171
  1140 ,-0.198
  1141 ,-0.227
  1142 ,-0.252
  1143 ,-0.268
  1144 ,-0.270
  1145 ,-0.258
  1146 ,-0.237
  1147 ,-0.211
  1148 ,-0.188
  1149 ,-0.173
  1150 ,-0.170
  1151 ,-0.178
  1152 ,-0.195
  1153 ,-0.214
  1154 ,-0.233
  1155 ,-0.246
  1156 ,-0.252
  1157 ,-0.253
  1158 ,-0.251
  1159 ,-0.248
  1160 ,-0.247
  1161 ,-0.249
  1162 ,-0.252
  1163 ,-0.255
  1164 ,-0.255
  1165 ,-0.252
  1166 ,-0.243
  1167 ,-0.231
  1168 ,-0.215
  1169 ,-0.197
  1170 ,-0.179
  1171 ,-0.161
  1172 ,-0.143
  1173 ,-0.127
  1174 ,-0.113
  1175 ,-0.103
  1176 ,-0.102
  1177 ,-0.112
  1178 ,-0.133
  1179 ,-0.164
  1180 ,-0.199
  1181 ,-0.231
  1182 ,-0.252
  1183 ,-0.255
  1184 ,-0.237
  1185 ,-0.204
  1186 ,-0.162
  1187 ,-0.126
  1188 ,-0.105
  1189 ,-0.111
  1190 ,-0.145
  1191 ,-0.203
  1192 ,-0.275
  1193 ,-0.346
  1194 ,-0.402
  1195 ,-0.434
  1196 ,-0.435
  1197 ,-0.409
  1198 ,-0.363
  1199 ,-0.308
  1200 ,-0.256
  1201 ,-0.214
  1202 ,-0.189
  1203 ,-0.180
  1204 ,-0.186
  1205 ,-0.203
  1206 ,-0.226
  1207 ,-0.252
  1208 ,-0.278
  1209 ,-0.301
  1210 ,-0.321
  1211 ,-0.336
  1212 ,-0.344
  1213 ,-0.344
  1214 ,-0.335
  1215 ,-0.319
  1216 ,-0.296
  1217 ,-0.272
  1218 ,-0.249
  1219 ,-0.231
  1220 ,-0.221
  1221 ,-0.219
  1222 ,-0.222
  1223 ,-0.229
  1224 ,-0.236
  1225 ,-0.241
  1226 ,-0.245
  1227 ,-0.247
  1228 ,-0.251
  1229 ,-0.258
  1230 ,-0.268
  1231 ,-0.280
  1232 ,-0.290
  1233 ,-0.293
  1234 ,-0.286
  1235 ,-0.266
  1236 ,-0.237
  1237 ,-0.202
  1238 ,-0.170
  1239 ,-0.148
  1240 ,-0.140
  1241 ,-0.150
  1242 ,-0.172
  1243 ,-0.201
  1244 ,-0.227
  1245 ,-0.241
  1246 ,-0.238
  1247 ,-0.218
  1248 ,-0.187
  1249 ,-0.153
  1250 ,-0.128
  1251 ,-0.119
  1252 ,-0.130
  1253 ,-0.161
  1254 ,-0.203
  1255 ,-0.247
  1256 ,-0.283
  1257 ,-0.301
  1258 ,-0.301
  1259 ,-0.284
  1260 ,-0.259
  1261 ,-0.236
  1262 ,-0.223
  1263 ,-0.225
  1264 ,-0.241
  1265 ,-0.266
  1266 ,-0.292
  1267 ,-0.308
  1268 ,-0.311
  1269 ,-0.297
  1270 ,-0.273
  1271 ,-0.244
  1272 ,-0.222
  1273 ,-0.215
  1274 ,-0.227
  1275 ,-0.257
  1276 ,-0.300
  1277 ,-0.346
  1278 ,-0.385
  1279 ,-0.410
  1280 ,-0.416
  1281 ,-0.406
  1282 ,-0.383
  1283 ,-0.357
  1284 ,-0.335
  1285 ,-0.322
  1286 ,-0.322
  1287 ,-0.331
  1288 ,-0.346
  1289 ,-0.361
  1290 ,-0.370
  1291 ,-0.370
  1292 ,-0.363
  1293 ,-0.350
  1294 ,-0.336
  1295 ,-0.325
  1296 ,-0.320
  1297 ,-0.320
  1298 ,-0.322
  1299 ,-0.321
  1300 ,-0.313
  1301 ,-0.294
  1302 ,-0.265
  1303 ,-0.227
  1304 ,-0.186
  1305 ,-0.147
  1306 ,-0.115
  1307 ,-0.094
  1308 ,-0.084
  1309 ,-0.083
  1310 ,-0.089
  1311 ,-0.099
  1312 ,-0.112
  1313 ,-0.129
  1314 ,-0.151
  1315 ,-0.180
  1316 ,-0.215
  1317 ,-0.253
  1318 ,-0.291
  1319 ,-0.321
  1320 ,-0.339
  1321 ,-0.338
  1322 ,-0.318
  1323 ,-0.282
  1324 ,-0.235
  1325 ,-0.185
  1326 ,-0.140
  1327 ,-0.107
  1328 ,-0.089
  1329 ,-0.088
  1330 ,-0.100
  1331 ,-0.121
  1332 ,-0.145
  1333 ,-0.165
  1334 ,-0.177
  1335 ,-0.179
  1336 ,-0.172
  1337 ,-0.160
  1338 ,-0.149
  1339 ,-0.147
  1340 ,-0.158
  1341 ,-0.187
  1342 ,-0.232
  1343 ,-0.290
  1344 ,-0.352
  1345 ,-0.407
  1346 ,-0.446
  1347 ,-0.460
  1348 ,-0.446
  1349 ,-0.405
  1350 ,-0.344
  1351 ,-0.273
  1352 ,-0.204
  1353 ,-0.148
  1354 ,-0.115
  1355 ,-0.106
  1356 ,-0.121
  1357 ,-0.152
  1358 ,-0.191
  1359 ,-0.228
  1360 ,-0.255
  1361 ,-0.268
  1362 ,-0.268
  1363 ,-0.257
  1364 ,-0.240
  1365 ,-0.224
  1366 ,-0.210
  1367 ,-0.198
  1368 ,-0.188
  1369 ,-0.177
  1370 ,-0.164
  1371 ,-0.153
  1372 ,-0.146
  1373 ,-0.151
  1374 ,-0.172
  1375 ,-0.209
  1376 ,-0.259
  1377 ,-0.314
  1378 ,-0.359
  1379 ,-0.385
  1380 ,-0.383
  1381 ,-0.352
  1382 ,-0.297
  1383 ,-0.230
  1384 ,-0.166
  1385 ,-0.117
  1386 ,-0.093
  1387 ,-0.092
  1388 ,-0.109
  1389 ,-0.133
  1390 ,-0.150
  1391 ,-0.154
  1392 ,-0.141
  1393 ,-0.117
  1394 ,-0.093
  1395 ,-0.080
  1396 ,-0.088
  1397 ,-0.119
  1398 ,-0.170
  1399 ,-0.227
  1400 ,-0.275
  1401 ,-0.302
  1402 ,-0.298
  1403 ,-0.265
  1404 ,-0.211
  1405 ,-0.152
  1406 ,-0.103
  1407 ,-0.077
  1408 ,-0.080
  1409 ,-0.108
  1410 ,-0.151
  1411 ,-0.195
  1412 ,-0.227
  1413 ,-0.238
  1414 ,-0.226
  1415 ,-0.197
  1416 ,-0.159
  1417 ,-0.126
  1418 ,-0.105
  1419 ,-0.102
  1420 ,-0.115
  1421 ,-0.141
  1422 ,-0.172
  1423 ,-0.200
  1424 ,-0.218
  1425 ,-0.225
  1426 ,-0.220
  1427 ,-0.204
  1428 ,-0.182
  1429 ,-0.158
  1430 ,-0.136
  1431 ,-0.119
  1432 ,-0.109
  1433 ,-0.109
  1434 ,-0.118
  1435 ,-0.134
  1436 ,-0.156
  1437 ,-0.179
  1438 ,-0.200
  1439 ,-0.219
  1440 ,-0.235
  1441 ,-0.251
  1442 ,-0.270
  1443 ,-0.295
  1444 ,-0.327
  1445 ,-0.364
  1446 ,-0.399
  1447 ,-0.427
  1448 ,-0.440
  1449 ,-0.435
  1450 ,-0.413
  1451 ,-0.379
  1452 ,-0.342
  1453 ,-0.311
  1454 ,-0.295
  1455 ,-0.297
  1456 ,-0.316
  1457 ,-0.346
  1458 ,-0.381
  1459 ,-0.410
  1460 ,-0.427
  1461 ,-0.428
  1462 ,-0.412
  1463 ,-0.384
  1464 ,-0.349
  1465 ,-0.314
  1466 ,-0.286
  1467 ,-0.269
  1468 ,-0.265
  1469 ,-0.273
  1470 ,-0.288
  1471 ,-0.303
  1472 ,-0.313
  1473 ,-0.311
  1474 ,-0.297
  1475 ,-0.273
  1476 ,-0.243
  1477 ,-0.215
  1478 ,-0.195
  1479 ,-0.187
  1480 ,-0.191
  1481 ,-0.204
  1482 ,-0.220
  1483 ,-0.233
  1484 ,-0.237
  1485 ,-0.230
  1486 ,-0.214
  1487 ,-0.193
  1488 ,-0.171
  1489 ,-0.156
  1490 ,-0.150
  1491 ,-0.155
  1492 ,-0.169
  1493 ,-0.191
  1494 ,-0.216
  1495 ,-0.241
  1496 ,-0.265
  1497 ,-0.285
  1498 ,-0.300
  1499 ,-0.311
  1500 ,-0.318
  1501 ,-0.320
  1502 ,-0.318
  1503 ,-0.312
  1504 ,-0.304
  1505 ,-0.294
  1506 ,-0.284
  1507 ,-0.274
  1508 ,-0.264
  1509 ,-0.256
  1510 ,-0.251
  1511 ,-0.248
  1512 ,-0.249
  1513 ,-0.254
  1514 ,-0.264
  1515 ,-0.278
  1516 ,-0.296
  1517 ,-0.314
  1518 ,-0.330
  1519 ,-0.342
  1520 ,-0.348
  1521 ,-0.345
  1522 ,-0.336
  1523 ,-0.320
  1524 ,-0.301
  1525 ,-0.281
  1526 ,-0.262
  1527 ,-0.246
  1528 ,-0.234
  1529 ,-0.224
  1530 ,-0.217
  1531 ,-0.212
  1532 ,-0.208
  1533 ,-0.206
  1534 ,-0.206
  1535 ,-0.211
  1536 ,-0.219
  1537 ,-0.233
  1538 ,-0.250
  1539 ,-0.268
  1540 ,-0.284
  1541 ,-0.295
  1542 ,-0.297
  1543 ,-0.289
  1544 ,-0.272
  1545 ,-0.249
  1546 ,-0.223
  1547 ,-0.200
  1548 ,-0.183
  1549 ,-0.177
  1550 ,-0.181
  1551 ,-0.194
  1552 ,-0.213
  1553 ,-0.232
  1554 ,-0.249
  1555 ,-0.262
  1556 ,-0.268
  1557 ,-0.270
  1558 ,-0.270
  1559 ,-0.268
  1560 ,-0.265
  1561 ,-0.262
  1562 ,-0.256
  1563 ,-0.247
  1564 ,-0.233
  1565 ,-0.214
  1566 ,-0.193
  1567 ,-0.174
  1568 ,-0.162
  1569 ,-0.163
  1570 ,-0.179
  1571 ,-0.210
  1572 ,-0.253
  1573 ,-0.301
  1574 ,-0.346
  1575 ,-0.378
  1576 ,-0.393
  1577 ,-0.388
  1578 ,-0.366
  1579 ,-0.333
  1580 ,-0.297
  1581 ,-0.267
  1582 ,-0.247
  1583 ,-0.242
  1584 ,-0.248
  1585 ,-0.261
  1586 ,-0.277
  1587 ,-0.291
  1588 ,-0.300
  1589 ,-0.305
  1590 ,-0.307
  1591 ,-0.308
  1592 ,-0.309
  1593 ,-0.310
  1594 ,-0.308
  1595 ,-0.300
  1596 ,-0.287
  1597 ,-0.268
  1598 ,-0.250
  1599 ,-0.237
  1600 ,-0.235
  1601 ,-0.249
  1602 ,-0.277
  1603 ,-0.316
  1604 ,-0.356
  1605 ,-0.389
  1606 ,-0.406
  1607 ,-0.403
  1608 ,-0.383
  1609 ,-0.349
  1610 ,-0.310
  1611 ,-0.276
  1612 ,-0.251
  1613 ,-0.239
  1614 ,-0.240
  1615 ,-0.249
  1616 ,-0.263
  1617 ,-0.278
  1618 ,-0.291
  1619 ,-0.303
  1620 ,-0.313
  1621 ,-0.323
  1622 ,-0.331
  1623 ,-0.335
  1624 ,-0.335
  1625 ,-0.328
  1626 ,-0.315
  1627 ,-0.297
  1628 ,-0.278
  1629 ,-0.263
  1630 ,-0.254
  1631 ,-0.254
  1632 ,-0.262
  1633 ,-0.275
  1634 ,-0.287
  1635 ,-0.295
  1636 ,-0.295
  1637 ,-0.286
  1638 ,-0.272
  1639 ,-0.257
  1640 ,-0.245
  1641 ,-0.242
  1642 ,-0.251
  1643 ,-0.272
  1644 ,-0.302
  1645 ,-0.337
  1646 ,-0.369
  1647 ,-0.392
  1648 ,-0.401
  1649 ,-0.393
  1650 ,-0.368
  1651 ,-0.329
  1652 ,-0.281
  1653 ,-0.232
  1654 ,-0.189
  1655 ,-0.160
  1656 ,-0.149
  1657 ,-0.156
  1658 ,-0.180
  1659 ,-0.214
  1660 ,-0.253
  1661 ,-0.287
  1662 ,-0.311
  1663 ,-0.322
  1664 ,-0.320
  1665 ,-0.308
  1666 ,-0.294
  1667 ,-0.284
  1668 ,-0.282
  1669 ,-0.290
  1670 ,-0.307
  1671 ,-0.328
  1672 ,-0.347
  1673 ,-0.359
  1674 ,-0.360
  1675 ,-0.350
  1676 ,-0.333
  1677 ,-0.314
  1678 ,-0.299
  1679 ,-0.292
  1680 ,-0.294
  1681 ,-0.303
  1682 ,-0.315
  1683 ,-0.324
  1684 ,-0.328
  1685 ,-0.323
  1686 ,-0.312
  1687 ,-0.296
  1688 ,-0.282
  1689 ,-0.273
  1690 ,-0.272
  1691 ,-0.280
  1692 ,-0.294
  1693 ,-0.313
  1694 ,-0.334
  1695 ,-0.352
  1696 ,-0.367
  1697 ,-0.377
  1698 ,-0.382
  1699 ,-0.382
  1700 ,-0.377
  1701 ,-0.365
  1702 ,-0.348
  1703 ,-0.325
  1704 ,-0.298
  1705 ,-0.270
  1706 ,-0.242
  1707 ,-0.219
  1708 ,-0.201
  1709 ,-0.190
  1710 ,-0.187
  1711 ,-0.189
  1712 ,-0.194
  1713 ,-0.200
  1714 ,-0.206
  1715 ,-0.209
  1716 ,-0.209
  1717 ,-0.208
  1718 ,-0.205
  1719 ,-0.203
  1720 ,-0.202
  1721 ,-0.204
  1722 ,-0.207
  1723 ,-0.211
  1724 ,-0.213
  1725 ,-0.212
  1726 ,-0.209
  1727 ,-0.204
  1728 ,-0.201
  1729 ,-0.204
  1730 ,-0.216
  1731 ,-0.237
  1732 ,-0.265
  1733 ,-0.296
  1734 ,-0.321
  1735 ,-0.332
  1736 ,-0.325
  1737 ,-0.297
  1738 ,-0.254
  1739 ,-0.204
  1740 ,-0.157
  1741 ,-0.124
  1742 ,-0.112
  1743 ,-0.122
  1744 ,-0.149
  1745 ,-0.187
  1746 ,-0.224
  1747 ,-0.253
  1748 ,-0.269
  1749 ,-0.271
  1750 ,-0.262
  1751 ,-0.246
  1752 ,-0.230
  1753 ,-0.218
  1754 ,-0.214
  1755 ,-0.218
  1756 ,-0.229
  1757 ,-0.247
  1758 ,-0.268
  1759 ,-0.290
  1760 ,-0.308
  1761 ,-0.320
  1762 ,-0.322
  1763 ,-0.312
  1764 ,-0.290
  1765 ,-0.258
  1766 ,-0.221
  1767 ,-0.186
  1768 ,-0.160
  1769 ,-0.146
  1770 ,-0.145
  1771 ,-0.156
  1772 ,-0.171
  1773 ,-0.186
  1774 ,-0.195
  1775 ,-0.196
  1776 ,-0.191
  1777 ,-0.184
  1778 ,-0.182
  1779 ,-0.189
  1780 ,-0.206
  1781 ,-0.231
  1782 ,-0.256
  1783 ,-0.276
  1784 ,-0.282
  1785 ,-0.274
  1786 ,-0.254
  1787 ,-0.229
  1788 ,-0.208
  1789 ,-0.200
  1790 ,-0.208
  1791 ,-0.232
  1792 ,-0.265
  1793 ,-0.298
  1794 ,-0.320
  1795 ,-0.325
  1796 ,-0.311
  1797 ,-0.283
  1798 ,-0.249
  1799 ,-0.219
  1800 ,-0.200
  1801 ,-0.196
  1802 ,-0.206
  1803 ,-0.224
  1804 ,-0.242
  1805 ,-0.253
  1806 ,-0.255
  1807 ,-0.248
  1808 ,-0.237
  1809 ,-0.230
  1810 ,-0.232
  1811 ,-0.245
  1812 ,-0.269
  1813 ,-0.297
  1814 ,-0.322
  1815 ,-0.338
  1816 ,-0.341
  1817 ,-0.330
  1818 ,-0.312
  1819 ,-0.292
  1820 ,-0.276
  1821 ,-0.269
  1822 ,-0.272
  1823 ,-0.280
  1824 ,-0.289
  1825 ,-0.293
  1826 ,-0.287
  1827 ,-0.271
  1828 ,-0.249
  1829 ,-0.227
  1830 ,-0.212
  1831 ,-0.210
  1832 ,-0.224
  1833 ,-0.253
  1834 ,-0.293
  1835 ,-0.336
  1836 ,-0.375
  1837 ,-0.404
  1838 ,-0.419
  1839 ,-0.419
  1840 ,-0.408
  1841 ,-0.390
  1842 ,-0.369
  1843 ,-0.350
  1844 ,-0.335
  1845 ,-0.325
  1846 ,-0.318
  1847 ,-0.314
  1848 ,-0.310
  1849 ,-0.306
  1850 ,-0.303
  1851 ,-0.299
  1852 ,-0.296
  1853 ,-0.292
  1854 ,-0.287
  1855 ,-0.279
  1856 ,-0.265
  1857 ,-0.246
  1858 ,-0.222
  1859 ,-0.196
  1860 ,-0.176
  1861 ,-0.165
  1862 ,-0.167
  1863 ,-0.184
  1864 ,-0.213
  1865 ,-0.245
  1866 ,-0.273
  1867 ,-0.288
  1868 ,-0.284
  1869 ,-0.262
  1870 ,-0.227
  1871 ,-0.188
  1872 ,-0.157
  1873 ,-0.144
  1874 ,-0.154
  1875 ,-0.185
  1876 ,-0.232
  1877 ,-0.282
  1878 ,-0.324
  1879 ,-0.347
  1880 ,-0.349
  1881 ,-0.331
  1882 ,-0.301
  1883 ,-0.268
  1884 ,-0.242
  1885 ,-0.231
  1886 ,-0.234
  1887 ,-0.248
  1888 ,-0.266
  1889 ,-0.280
  1890 ,-0.285
  1891 ,-0.280
  1892 ,-0.269
  1893 ,-0.258
  1894 ,-0.255
  1895 ,-0.265
  1896 ,-0.289
  1897 ,-0.322
  1898 ,-0.357
  1899 ,-0.387
  1900 ,-0.403
  1901 ,-0.404
  1902 ,-0.392
  1903 ,-0.372
  1904 ,-0.351
  1905 ,-0.339
  1906 ,-0.337
  1907 ,-0.348
  1908 ,-0.366
  1909 ,-0.385
  1910 ,-0.397
  1911 ,-0.396
  1912 ,-0.378
  1913 ,-0.345
  1914 ,-0.303
  1915 ,-0.256
  1916 ,-0.215
  1917 ,-0.184
  1918 ,-0.167
  1919 ,-0.166
  1920 ,-0.177
  1921 ,-0.198
  1922 ,-0.222
  1923 ,-0.246
  1924 ,-0.266
  1925 ,-0.280
  1926 ,-0.289
  1927 ,-0.292
  1928 ,-0.292
  1929 ,-0.289
  1930 ,-0.281
  1931 ,-0.267
  1932 ,-0.248
  1933 ,-0.224
  1934 ,-0.195
  1935 ,-0.165
  1936 ,-0.139
  1937 ,-0.119
  1938 ,-0.109
  1939 ,-0.111
  1940 ,-0.123
  1941 ,-0.143
  1942 ,-0.167
  1943 ,-0.191
  1944 ,-0.211
  1945 ,-0.227
  1946 ,-0.237
  1947 ,-0.243
  1948 ,-0.245
  1949 ,-0.243
  1950 ,-0.237
  1951 ,-0.226
  1952 ,-0.211
  1953 ,-0.192
  1954 ,-0.171
  1955 ,-0.151
  1956 ,-0.137
  1957 ,-0.132
  1958 ,-0.137
  1959 ,-0.150
  1960 ,-0.168
  1961 ,-0.185
  1962 ,-0.196
  1963 ,-0.195
  1964 ,-0.180
  1965 ,-0.155
  1966 ,-0.122
  1967 ,-0.089
  1968 ,-0.062
  1969 ,-0.045
  1970 ,-0.041
  1971 ,-0.046
  1972 ,-0.056
  1973 ,-0.066
  1974 ,-0.071
  1975 ,-0.066
  1976 ,-0.053
  1977 ,-0.033
  1978 ,-0.009
  1979  ,0.013
  1980  ,0.032
